013\*\*\*\*\*\*\*
013031\*\*\*\*
013032\*\*\*\*
013034\*\*\*\*
013036\*\*\*\*
013038\*\*\*\*
013040\*\*\*\*
013060\*\*\*\*
013070\*\*\*\*
013700\*\*\*\*
0130000006
0130310001
0130330008
0130350004
0130370000
0130380009
0130900008
0131000016
0131000021
0131000037
0131000042
0131000058
0131000063
0131000079
0131000084
0131000090
0131000103
0131000119
0131000124
0131000130
0131000145
0131000150
0131000166
0131000171
0131000187
0131000192
0131000206
0131000211
0131000227
0131000232
0131000248
0131000253
0131000269
0131000274
0133000000
0134000004
0135000009
0136000003
0138000002
0139890003
